function [data] = elvio_cycle_ece15()
% Drive cycle data for the ECE15 city cycle. 
% The result has three rows:
% speed    - vehicle speed in km/h.
% duration - duration of a step in seconds.
% gear     - specified gear.
    data = [11 0 0;...
        4 15 1;8 15 1;2 10 1;3 0 0;...
        21 0 0;...
        5 15 1;2 15 2;5 32 2;24 32 2;8 10 2;3 0 0;...
        21 0 0;...
        5 15 1;2 15 2;9 35 2;2 35 3;8 50 3;12 50 3;8 35 3;13 35 3;2 35 2;7 10 2;3 0 0;...
        7 0 0];
end