function [data]=elvio_cycle_us_ftp75()
% This function returns the speed data for the artemis (CADC) urban cycle.
    data = [20 0;1 3;1 5.9;1 8.6;1 11.5;1 14.3;1 16.9;1 17.3;1 18.1;1 20.7;1 21.7;1 22.4;1 22.5;1 22.1;1 21.5;1 20.9;1 20.4;1 19.8;1 17;1 14.9;1 14.9;1 15.2;1 15.5;1 16;1 17.1;1 19.1;1 21.1;1 22.7;1 22.9;1 22.7;1 22.6;1 21.3;1 19;1 17.1;1 15.8;1 15.8;1 17.7;1 19.8;1 21.6;1 23.2;1 24.2;1 24.6;1 24.9;1 25;1 24.6;1 24.5;1 24.7;1 24.8;1 24.7;1 24.6;1 24.6;1 25.1;1 25.6;1 25.7;1 25.4;1 24.9;1 25;1 25.4;1 26;1 26;1 25.7;1 26.1;1 26.7;1 27.5;1 28.6;1 29.3;1 29.8;1 30.1;1 30.4;1 30.7;1 30.7;1 30.5;1 30.4;1 30.3;1 30.4;1 30.8;1 30.4;1 29.9;1 29.5;1 29.8;1 30.3;1 30.7;1 30.9;1 31;1 30.9;1 30.4;1 29.8;1 29.9;1 30.2;1 30.7;1 31.2;1 31.8;1 32.2;1 32.4;1 32.2;1 31.7;1 28.6;1 25.3;1 22;1 18.7;1 15.4;1 12.1;1 8.8;1 5.5;1 2.2;1 0;38 0;1 3.3;1 6.6;1 9.9;1 13.2;1 16.5;1 19.8;1 22.2;1 24.3;1 25.8;1 26.4;1 25.7;1 25.1;1 24.7;1 25;1 25.2;1 25.4;1 25.8;1 27.2;1 26.5;1 24;1 22.7;1 19.4;1 17.7;1 17.2;1 18.1;1 18.6;1 20;1 22.2;1 24.5;1 27.3;1 30.5;1 33.5;1 36.2;1 37.3;1 39.3;1 40.5;1 42.1;1 43.5;1 45.1;1 46;1 46.8;1 47.5;1 47.5;1 47.3;1 47.2;1 47;4 47;1 47.2;1 47.4;1 47.9;1 48.5;1 49.1;1 49.5;1 50;1 50.6;1 51;1 51.5;1 52.2;1 53.2;1 54.1;1 54.6;1 54.9;1 55;1 54.9;1 54.6;1 54.6;1 54.8;1 55.1;1 55.5;1 55.7;1 56.1;1 56.3;1 56.6;1 56.7;1 56.7;1 56.5;5 56.5;1 56.4;1 56.1;1 55.8;1 55.1;1 54.6;1 54.2;1 54;1 53.7;1 53.6;1 53.9;1 54;1 54.1;1 54.1;1 53.8;1 53.4;1 53;1 52.6;1 52.1;1 52.4;1 52;1 51.9;1 51.7;1 51.5;1 51.6;1 51.8;1 52.1;1 52.5;1 53;1 53.5;1 54;1 54.9;1 55.4;1 55.6;1 56;1 56;1 55.8;1 55.2;1 54.5;1 53.6;1 52.5;1 51.5;1 51.5;1 51.5;1 51.1;1 50.1;1 50;1 50.1;1 50;1 49.6;1 49.5;1 49.5;1 49.5;1 49.1;1 48.6;1 48.1;1 47.2;1 46.1;1 45;1 43.8;1 42.6;1 41.5;1 40.3;1 38.5;1 37;1 35.2;1 33.8;1 32.5;1 31.5;1 30.6;1 30.5;1 30;1 29;1 27.5;1 24.8;1 21.5;1 20.1;1 19.1;1 18.5;1 17;1 15.5;1 12.5;1 10.8;1 8;1 4.7;1 1.4;1 0;13 0;1 1;1 4.3;1 7.6;1 10.9;1 14.2;1 17.3;1 20;1 22.5;1 23.7;1 25.2;1 26.6;1 28.1;1 30;1 30.8;1 31.6;1 32.1;1 32.8;1 33.6;1 34.5;1 34.6;1 34.9;1 34.8;1 34.5;1 34.7;1 35.5;1 36;5 36;1 36.1;1 36.4;1 36.5;1 36.4;1 36;1 35.1;1 34.1;1 33.5;1 31.4;1 29;1 25.7;1 23;1 20.3;1 17.5;1 14.5;1 12;1 8.7;1 5.4;1 2.1;1 0;1 0;1 0;1 0;1 0;1 0;1 2.6;1 5.9;1 9.2;1 12.5;1 15.8;1 19.1;1 22.4;1 25;1 25.6;1 27.5;1 29;1 30;1 30.1;1 30;1 29.7;1 29.3;1 28.8;1 28;1 25;1 21.7;1 18.4;1 15.1;1 11.8;1 8.5;1 5.2;1 1.9;1 0;18 0;1 3.3;1 6.6;1 9.9;1 13.2;1 16.5;1 19.8;1 23.1;1 26.4;1 27.8;1 29.1;1 31.5;1 33;1 33.6;1 34.8;1 35.1;1 35.6;1 36.1;1 36;1 36.1;1 36.2;1 36;1 35.7;1 36;1 36;1 35.6;1 35.5;1 35.4;1 35.2;5 35.2;1 35;1 35.1;1 35.2;1 35.5;1 35.2;1 35;1 35;1 35;1 34.8;1 34.6;1 34.5;1 33.5;1 32;1 30.1;1 28;1 25.5;1 22.5;1 19.8;1 16.5;1 13.2;1 10.3;1 7.2;1 4;1 1;1 0;5 0;1 1.2;1 3.5;1 5.5;1 6.5;1 8.5;1 9.6;1 10.5;1 11.9;1 14;1 16;1 17.7;1 19;1 20.1;1 21;1 22;1 23;1 23.8;1 24.5;1 24.9;1 25;5 25;1 25.6;1 25.8;1 26;1 25.6;1 25.2;1 25;1 25;1 25;1 24.4;1 23.1;1 19.8;1 16.5;1 13.2;1 9.9;1 6.6;1 3.3;1 0;16 0;1 3.3;1 6.6;1 9.9;1 13;1 14.6;1 16;1 17;1 17;1 17;1 17.5;1 17.7;1 17.7;1 17.5;1 17;1 16.9;1 16.6;1 17;1 17.1;1 17;1 16.6;1 16.5;1 16.5;1 16.6;1 17;1 17.6;1 18.5;1 19.2;1 20.2;1 21;1 21.1;1 21.2;1 21.6;1 22;1 22.4;1 22.5;1 22.5;1 22.5;1 22.7;1 23.7;1 25.1;1 26;1 26.5;1 27;1 26.1;1 22.8;1 19.5;1 16.2;1 12.9;1 9.6;1 6.3;1 3;1 0;25 0;1 2;1 4.5;1 7.8;1 10.2;1 12.5;1 14;1 15.3;1 17.5;1 19.6;1 21;1 22.2;1 23.3;1 24.5;1 25.3;1 25.6;1 26;1 26.1;1 26.2;1 26.2;1 26.4;1 26.5;1 26.5;1 26;1 25.5;1 23.6;1 21.4;1 18.5;1 16.4;1 14.5;1 11.6;1 8.7;1 5.8;1 3.5;1 2;1 0;13 0;1 1.4;1 3.3;1 4.4;1 6.5;1 9.2;1 11.3;1 13.5;1 14.6;1 16.4;1 16.7;1 16.5;1 16.5;1 18.2;1 19.2;1 20.1;1 21.5;1 22.5;1 22.5;1 22.1;1 22.7;1 23.3;1 23.5;1 22.5;1 21.6;1 20.5;1 18;1 15;1 12;1 9;1 6.2;1 4.5;1 3;1 2.1;1 0.5;1 0.5;1 3.2;1 6.5;1 9.6;1 12.5;1 14;1 16;1 18;1 19.6;1 21.5;1 23.1;1 24.5;1 25.5;1 26.5;1 27.1;1 27.6;1 27.9;1 28.3;1 28.6;1 28.6;1 28.3;1 28.2;1 28;1 27.5;1 26.8;1 25.5;1 23.5;1 21.5;1 19;1 16.5;1 14.9;1 12.5;1 9.4;1 6.2;1 3;1 1.5;1 1.5;1 0.5;1 0;1 3;1 6.3;1 9.6;1 12.9;1 15.8;1 17.5;1 18.4;1 19.5;1 20.7;1 22;1 23.2;1 25;1 26.5;1 27.5;1 28;1 28.3;1 28.9;1 28.9;1 28.9;1 28.8;1 28.5;1 28.3;1 28.3;1 28.3;1 28.2;1 27.6;1 27.5;5 27.5;1 27.6;1 28;1 28.5;1 30;1 31;1 32;1 33;1 33;1 33.6;1 34;1 34.3;1 34.2;1 34;1 34;1 33.9;1 33.6;1 33.1;1 33;1 32.5;1 32;1 31.9;1 31.6;1 31.5;1 30.6;1 30;1 29.9;3 29.9;1 29.6;1 29.5;1 29.5;1 29.3;1 28.9;1 28.2;1 27.7;1 27;1 25.5;1 23.7;1 22;1 20.5;1 19.2;1 19.2;1 20.1;1 20.9;1 21.4;1 22;1 22.6;1 23.2;1 24;1 25;1 26;1 26.6;1 26.6;1 26.8;1 27;1 27.2;1 27.8;1 28.1;1 28.8;1 28.9;1 29;1 29.1;1 29;1 28.1;1 27.5;1 27;1 25.8;1 25;1 24.5;1 24.8;1 25.1;1 25.5;1 25.7;1 26.2;1 26.9;1 27.5;1 27.8;1 28.4;1 29;1 29.2;1 29.1;1 29;1 28.9;1 28.5;1 28.1;1 28;1 28;1 27.6;1 27.2;1 26.6;1 27;1 27.5;1 27.8;1 28;1 27.8;1 28;1 28;1 28;1 27.7;1 27.4;1 26.9;1 26.6;1 26.5;1 26.5;1 26.5;1 26.3;1 26.2;1 26.2;1 25.9;1 25.6;1 25.6;1 25.9;1 25.8;1 25.5;1 24.6;1 23.5;1 22.2;1 21.6;1 21.6;1 21.7;1 22.6;1 23.4;1 24;1 24.2;1 24.4;1 24.9;1 25.1;1 25.2;1 25.3;1 25.5;1 25.2;1 25;1 25;1 25;1 24.7;1 24.5;1 24.3;1 24.3;1 24.5;1 25;1 25;1 24.6;1 24.6;1 24.1;1 24.5;1 25.1;1 25.6;1 25.1;1 24;1 22;1 20.1;1 16.9;1 13.6;1 10.3;1 7;1 3.7;1 0.4;1 0;2 0;1 2;1 5.3;1 8.6;1 11.9;1 15.2;1 17.5;1 18.6;1 20;1 21.1;1 22;1 23;1 24.5;1 26.3;1 27.5;1 28.1;1 28.4;1 28.5;1 28.5;1 28.5;1 27.7;1 27.5;1 27.2;1 26.8;1 26.5;1 26;1 25.7;1 25.2;1 24;1 22;1 21.5;1 21.5;1 21.8;1 22.5;1 23;1 22.8;1 22.8;1 23;1 22.7;1 22.7;1 22.7;1 23.5;1 24;1 24.6;1 24.8;1 25.1;1 25.5;1 25.6;1 25.5;1 25;1 24.1;1 23.7;1 23.2;1 22.9;1 22.5;1 22;1 21.6;1 20.5;1 17.5;1 14.2;1 10.9;1 7.6;1 4.3;1 1;1 0;29 0;1 1.2;1 4;1 7.3;1 10.6;1 13.9;1 17;1 18.5;1 20;1 21.8;1 23;1 24;1 24.8;1 25.6;1 26.5;1 26.8;1 27.4;1 27.9;1 28.3;1 28;1 27.5;1 27;1 27;1 26.3;1 24.5;1 22.5;1 21.5;1 20.6;1 18;1 15;1 12.3;1 11.1;1 10.6;1 10;1 9.5;1 9.1;1 8.7;1 8.6;1 8.8;1 9;1 8.7;1 8.6;1 8;1 7;1 5;1 4.2;1 2.6;1 1;1 0;1 0.1;1 0.6;1 1.6;1 3.6;1 6.9;1 10;1 12.8;1 14;1 14.5;1 16;1 18.1;1 20;1 21;1 21.2;1 21.3;1 21.4;1 21.7;1 22.5;1 23;1 23.8;1 24.5;1 25;1 24.9;1 24.8;1 25;1 25.4;1 25.8;1 26;1 26.4;1 26.6;1 26.9;1 27;1 27;1 27;1 26.9;1 26.8;1 26.8;1 26.5;1 26.4;1 26;1 25.5;1 24.6;1 23.5;1 21.5;1 20;1 17.5;1 16;1 14;1 10.7;1 7.4;1 4.1;1 0.8;1 0;15 0;1 2.1;1 5.4;1 8.7;1 12;1 15.3;1 18.6;1 21.1;1 23;1 23.5;1 23;1 22.5;1 20;1 16.7;1 13.4;1 10.1;1 6.8;1 3.5;1 0.2;1 0;9 0;1 0.2;1 1.5;1 3.5;1 6.5;1 9.8;1 12;1 12.9;1 13;1 12.6;1 12.8;1 13.1;1 13.1;1 14;1 15.5;1 17;1 18.6;1 19.7;1 21;1 21.5;1 21.8;1 21.8;1 21.5;1 21.2;1 21.5;1 21.8;1 22;1 21.9;1 21.7;1 21.5;1 21.5;1 21.4;1 20.1;1 19.5;1 19.2;1 19.6;1 19.8;1 20;1 19.5;1 17.5;1 15.5;1 13;1 10;1 8;1 6;1 4;1 2.5;1 0.7;1 0;7 0;1 1;4 1;1 1.6;1 3;1 4;1 5;1 6.3;1 8;1 10;1 10.5;1 9.5;1 8.5;1 7.6;1 8.8;1 11;1 14;1 17;1 19.5;1 21;1 21.8;1 22.2;1 23;1 23.6;1 24.1;1 24.5;1 24.5;1 24;1 23.5;1 23.5;1 23.5;1 23.5;1 23.5;1 23.5;1 24;1 24.1;1 24.5;1 24.7;1 25;1 25.4;1 25.6;1 25.7;1 26;1 26.2;1 27;1 27.8;1 28.3;1 29;1 29.1;1 29;1 28;1 24.7;1 21.4;1 18.1;1 14.8;1 11.5;1 8.2;1 4.9;1 1.6;1 0;24 0;1 1.5;1 4.8;1 8.1;1 11.4;1 13.2;1 15.1;1 16.8;1 18.3;1 19.5;1 20.3;1 21.3;1 21.9;1 22.1;1 22.4;1 22;1 21.6;1 21.1;1 20.5;1 20;1 19.6;1 18.5;1 17.5;1 16.5;1 15.5;1 14;1 11;1 8;1 5.2;1 2.5;1 0;5 0;20 0;1 3;1 5.9;1 8.6;1 11.5;1 14.3;1 16.9;1 17.3;1 18.1;1 20.7;1 21.7;1 22.4;1 22.5;1 22.1;1 21.5;1 20.9;1 20.4;1 19.8;1 17;1 14.9;1 14.9;1 15.2;1 15.5;1 16;1 17.1;1 19.1;1 21.1;1 22.7;1 22.9;1 22.7;1 22.6;1 21.3;1 19;1 17.1;1 15.8;1 15.8;1 17.7;1 19.8;1 21.6;1 23.2;1 24.2;1 24.6;1 24.9;1 25;1 24.6;1 24.5;1 24.7;1 24.8;1 24.7;1 24.6;1 24.6;1 25.1;1 25.6;1 25.7;1 25.4;1 24.9;1 25;1 25.4;1 26;1 26;1 25.7;1 26.1;1 26.7;1 27.5;1 28.6;1 29.3;1 29.8;1 30.1;1 30.4;1 30.7;1 30.7;1 30.5;1 30.4;1 30.3;1 30.4;1 30.8;1 30.4;1 29.9;1 29.5;1 29.8;1 30.3;1 30.7;1 30.9;1 31;1 30.9;1 30.4;1 29.8;1 29.9;1 30.2;1 30.7;1 31.2;1 31.8;1 32.2;1 32.4;1 32.2;1 31.7;1 28.6;1 25.3;1 22;1 18.7;1 15.4;1 12.1;1 8.8;1 5.5;1 2.2;1 0;38 0;1 3.3;1 6.6;1 9.9;1 13.2;1 16.5;1 