function [data]=elvio_cycle_cadc_road()
% This function returns the speed data for the artemis (CADC) urban cycle.
    data = [0;0;0;0;0;0;2;9.4;16.3;19.7;21.2;24.1;27.6;29.1;32.5;36.5;37;38.4;41.4;43.4;44.4;45.8;47.3;48.3;49.3;49.8;49.3;46.3;42.4;38.4;34.5;28.6;24.6;21.7;19.7;18.2;18.7;20.2;23.2;25.6;30.1;33.5;37.9;37.9;39.4;42.4;44.8;46.3;46.3;46.8;47.3;46.8;45.8;43.9;41.9;41.9;41.9;43.9;45.3;45.8;46.3;46.3;45.8;44.8;43.4;41.9;39.9;38.4;34.5;29.1;25.1;22.7;24.6;27.1;30.1;32;34;33.5;35;36.5;36;34;31.5;27.1;23.7;21.7;20.7;18.7;16.8;17.7;18.7;19.7;18.7;17.2;12.8;10.3;7.9;3;0;0;0;0;0;0;0;0;0;0;6.2;14.7;19.3;20.1;17.8;19.3;21.6;24.7;30.1;36.3;44;47.1;47.9;53.3;57.9;61.8;66.4;68.8;68.8;69.5;71.1;71.1;70.3;70.3;70.3;69.5;71.1;70.3;70.3;68.8;68.8;68;66.4;66.4;64.9;61.8;57.9;54.1;51;50.2;47.9;44;37.9;28.6;13.9;1.5;0;0;0;0;0;0;0;0;0.7;1.4;3.6;4.3;10.1;16.6;19.5;19.5;19.5;19.5;20.2;22.4;23.9;26;26.7;28.9;28.2;28.9;31.1;34;36.9;42.7;46.3;47;47;47.7;47;46.3;44.1;44.1;44.8;45.5;47;47;48.4;49.9;50.6;49.9;48.4;47;46.3;45.5;44.8;45.5;47;51.3;54.9;59.3;64.3;65.1;65.1;65.8;65.1;64.3;65.8;68;72.3;72.3;72.3;71.6;70.8;70.1;69.4;67.2;65.8;66.5;66.5;67.2;65.8;64.3;63.6;62.9;62.9;63.6;64.3;65.1;66.5;66.5;68;68.7;68.7;68.7;67.2;65.8;63.6;61.4;57.1;54.2;53.7;53.7;53;54.4;55.9;59.5;64.6;69.7;73.3;76.9;74.8;74.8;74.8;74.8;74;74;73.3;71.9;70.4;69.7;69.7;71.9;73.3;74;73.3;73.3;75.5;76.2;75.5;73.3;71.1;69.7;66.8;66;66;67.5;69.7;69;66.8;65.3;63.9;61.7;51.5;38.5;34.1;35.6;37;39.2;39.2;39.9;42.8;42.1;41.4;40.6;41.4;42.8;44.3;46.5;44.3;43.5;44.3;44.3;45.7;50.1;52.3;51.5;50.1;49.4;50.1;50.8;48.6;47.2;47.9;50.8;53.7;53.7;53.7;55.2;55.9;55.9;55.2;54.4;55.9;56.6;57.3;56.6;59.5;61.7;63.1;62.4;61.7;61.7;62.2;62.2;63.7;63.7;64.2;65.2;65.2;65.7;66.2;66.2;66.7;66.7;66.7;66.7;66.7;66.2;65.7;66.2;65.7;65.7;65.7;65.7;65.2;65.7;65.2;66.2;67.2;70.2;73.2;75.8;78.8;80.8;82.3;83.8;83.8;83.8;83.8;83.8;83.3;83.8;83.3;82.8;81.8;80.3;79.8;78.8;76.8;75.3;73.7;71.2;68.7;67.2;66.2;67.2;68.7;69.2;70.2;70.7;71.7;72.2;71.7;72.2;72.2;71.7;72.2;72.2;72.7;72.7;71.7;70.7;69.7;68.2;67.7;67.2;67.2;66.7;66.7;66.2;66.7;66.7;67.7;67.7;68.7;69.2;69.7;69.7;70.7;70.2;68.7;67.2;67.2;66.7;66.6;66.2;65.9;65.6;65.7;65.8;66;66.4;66.9;67;67.4;67.7;67.8;67.5;67.2;66.4;65.6;65.3;65.5;65.8;66.5;66.5;66.9;67.3;67.5;68;68.3;68.2;68.4;68.2;68.2;68.1;67.6;67.4;67.2;67.2;67.4;67.7;67.7;67.7;67.7;67.6;67.6;67.6;67.6;67.6;67.3;66.6;66.1;65.6;65.3;64.6;63.6;62.3;61.1;60.2;59.9;59.4;57.9;55.5;50.9;45.8;38.9;32.2;28.2;26.9;28.8;32.3;36.1;38.8;39.3;42.3;46.5;50;52.4;53.1;52.3;50.7;50.7;51.2;51.7;50.7;50.7;51.2;51.2;51.2;51.2;51.7;51.7;51.7;52.2;52.2;52.2;51.7;52.2;52.7;51.7;51.7;51.7;51.2;50.7;51.2;51.7;50.7;49.2;47.7;46.2;45.2;45.7;46.2;45.7;46.2;46.2;46.2;46.2;44.7;39.1;33.1;30.1;29.1;30.1;33.1;35.1;37.1;39.6;41.1;43.1;45.7;46.7;47.7;47.2;47.7;47.7;47.7;47.2;45.7;45.2;43.1;43.1;41.6;40.6;40.1;38.1;36.6;35.6;34.6;34.6;34.1;33.6;32.6;30.6;25.6;19.1;13;9;5.5;5.5;9;13;15.6;14.5;12.5;9;8;8;9;5;2;0.5;0.5;0;0;0;0;0;1;7.9;13.8;17.2;20.2;22.7;26.1;29.1;32;35.5;37.5;37.9;37.9;38.4;39.4;40.9;42.9;44.8;46.8;48.8;49.3;50.3;50.3;49.8;51.3;52.7;52.7;54.7;56.2;56.7;56.2;55.7;54.2;54.7;55.2;55.2;55.7;55.2;54.7;54.7;53.7;52.7;52.7;53.7;53.7;54.2;55.2;56.7;57.7;57.7;58.2;59.1;60.1;61.6;62.1;63.1;65;65.5;65.5;67;68;68.5;68.5;66.5;65;63.1;61.1;60.1;58.6;57.2;56.2;56.7;57.7;57.7;58.2;59.1;59.6;59.1;59.1;57.7;56.7;56.7;56.2;55.7;54.2;54;54;54;54.1;53.7;54;53.8;52.9;52;53.7;56.7;59.6;63.6;66.3;67.7;70.6;73.5;76.2;79.1;81.4;84;87.1;87.9;87.3;87.1;87.6;87.5;86.9;86.7;85.5;84.3;82.9;81.3;79.6;78.2;77.2;77.4;78;78.7;79.8;79.2;77.4;75.4;73.4;70.8;68.6;66.2;61.5;54;44.9;39.2;39;40.7;43.3;44.8;46.4;46.1;45.1;44.8;47.2;49.9;52.1;54.2;54.7;56.5;59.6;61.6;61;60.9;62.9;64.5;66.3;68.7;71;74;77.3;80.6;83.6;86.9;88.2;88.5;90.3;92.3;93.2;93.6;93.8;93.6;92.7;91.5;89.8;88.5;88.3;85.9;85.9;85.9;85.9;86.6;88.1;89.6;91.9;93.4;92.6;93.4;92.6;92.6;91.9;92.6;93.4;93.4;93.4;92.6;89.6;88.1;85.1;83.6;81.3;78.3;77.6;71.5;67;62.5;60.2;57.2;56.5;57.2;57.2;55.7;54.2;53.5;55;57.2;59.5;59.5;60.2;61.8;63.3;65.5;67;68.5;70.8;73.1;73.1;74.6;77.6;81.3;83.6;85.9;88.9;91.9;94.1;96.4;98.7;100.9;103.2;104.7;106.2;107.7;108.4;108.4;109.2;110;109.2;109.2;110;110.7;110;110.7;110.7;111.5;110.7;111.5;110.7;110;110;108.4;106.9;106.2;105.4;103.9;104.4;104.4;104.4;104.4;104.4;103.7;103.7;103.1;102.4;100.3;99.6;98.2;98.2;98.2;96.8;96.1;96.1;95.4;94.7;94;94;93.3;93.3;91.9;90.5;88.4;86.3;84.3;84.3;84.3;84.3;84.3;84.9;84.9;83.6;83.6;84.3;84.3;84.9;85.6;86.3;86.3;84.9;82.9;83.6;84.3;83.6;82.9;84.3;85.6;87;88.4;88.4;89.1;89.8;89.8;90.5;89.1;89.1;88.4;85.6;83.6;82.9;82.2;81.5;81.5;81.5;80.1;79.4;79.4;78.7;77.3;78;78;78.7;78.7;80.1;80.8;80.1;80.1;80.1;80.8;80.1;79.4;80.1;78.7;80.1;79.4;79.4;80.1;80.1;80.1;80.6;80.6;79.9;79.9;80.6;80.6;82.8;83.5;85;85.7;85.7;86.4;86.4;86.4;85;84.2;83.5;82.1;82.1;81.4;80.6;80.6;79.9;79.9;79.2;78.5;78.5;78.5;77.8;76.3;74.2;70.6;69.8;69.1;63.4;56.9;46.8;41;34.6;32.4;35.3;38.2;42.5;46.1;49.7;52.6;55.4;56.2;56.9;58.3;58.3;59;60.5;61.2;60.5;60.5;57.6;56.2;56.2;54.7;56.9;57.6;59.8;59.8;58.3;58.3;57.6;56.2;54;49;45.4;43.9;42.5;39.6;39.6;40.3;40.3;40.3;41;45.4;47.5;50.4;51.1;52.6;54;53.3;51.8;49.7;49.7;48.2;46.1;40.3;31.7;22.3;18.7;14.4;10.8;11.5;14.4;18.7;26.6;33.1;38.2;38.9;38.2;35.3;31.7;23;13;7.9;4.3;2.9;0.7;0;0;0;0;0];
    data = [data.*0+1 data data.*0];
end