function [data]=elvio_cycle_cadc_mw150()
% This function returns the speed data for the artemis (CADC) urban cycle.
    data = [0;0;0;0;0;0;0;2.4;2.9;5.3;11.5;16.8;19.7;21.1;24.5;26.9;28.3;28.3;27.9;27.9;29.8;31.2;32.2;32.7;33.1;36;40.3;40.8;40.3;37.9;36.5;34.1;30.7;24.5;15.8;8.6;4.3;1.4;0.5;0;0;0;0;0;0.5;5.8;12.5;18.3;21.1;25;29.3;35.5;40.8;44.7;45.6;46.1;48;48;47.5;49.5;50;51.9;53.3;54.8;57.6;56.2;55.2;53.8;52.8;50.9;48.5;42.3;36;31.7;29.8;32.2;35.5;38.9;43.2;46.1;49;50.4;50.4;49;46.6;46.1;46.1;46.8;46.8;46.1;46.1;44.6;43.9;46.1;47.5;49.7;52.6;54;54;51.8;47.5;44.6;41.8;39.6;38.2;36.7;38.2;38.9;40.3;41.8;40.3;40.3;43.2;46.1;50.4;54.7;59;62.6;66.2;69.1;73.4;77;79.2;79.2;80.6;79.9;79.2;77.8;77.8;77;78.5;79.2;81.4;82.1;83.5;84.2;84.2;81.4;79.9;78.5;77.8;79.9;81.4;83.5;86.4;87.8;90;92.2;94.3;95.8;97.9;99.4;101.5;103;103;101.5;97.2;94.3;92.9;91.4;92.2;93.6;95;96.5;97.9;97.9;98.6;100.8;100.8;102.2;102.2;103;103.7;104.8;104.8;104.8;104.8;104.8;105.8;107.2;107.7;108.7;109.2;110.2;110.2;110.7;110.2;110.2;110.2;110.2;110.7;110.7;110.7;111.2;111.2;111.2;111.7;112.2;113.2;113.2;114.2;114.2;114.7;115.1;114.7;114.7;114.7;114.2;114.2;113.7;113.7;113.2;112.7;112.7;112.2;112.7;111.7;111.7;111.7;110.7;110.2;109.7;109.2;108.7;108.2;107.7;107.2;107.2;106.7;106.7;106.7;106.3;106.3;106.3;106.3;107.7;109.2;111.7;113.2;115.6;117.6;120.1;122.1;123.5;124.5;125.5;126;127;127;128;128;128;128;128;128.5;128.5;128.5;128.5;128.5;128.5;126;123.1;121.1;120.6;120.1;119.6;119.6;119.6;119.6;119.6;119.6;120.1;119.6;120.6;120.1;120.6;120.1;119.6;120.1;121.1;122.1;123.1;124.1;125.1;126.1;127.1;128.1;128.1;129.1;130.1;130.1;130.6;131.1;131.1;131.1;131.1;130.6;130.6;130.1;130.1;129.6;129.6;129.1;128.6;129.1;128.1;128.1;127.6;127.1;127.1;126.6;126.1;125.6;125.1;125.1;124.1;123.6;123.6;123.1;122.6;123.1;123.6;123.6;124.1;124.1;124.1;124.6;124.6;124.6;125.1;124.6;125.1;124.6;125.1;125.1;125.1;124.6;123.6;123.1;121.6;120.1;120.6;120.6;121.1;121.1;121.6;121.1;121.1;121.6;122.6;122.6;123.6;124.1;124.6;125.1;125.1;125.6;125.6;125.6;126.7;126;126;126.7;126;127.4;126.7;126.7;127.4;126.7;127.4;126.7;126.7;127.4;126.7;126.7;126.7;126.7;126.7;126.7;126;126;126.7;125.3;126;125.3;126;125.3;125.3;126;125.3;126;126;126;126.7;126;126.7;126.7;126.7;127.4;127.4;128.2;128.2;128.2;128.9;128.9;128.9;128.9;128.9;128.9;128.9;128.9;129.6;129.6;128.9;129.6;129.6;129.6;129.6;129.6;129.6;129.6;129.6;129.6;130.3;130.3;130.3;130.3;131;131;131;131.8;131;131.8;131;131;129.6;128.9;127.4;127.4;126.7;126;126;125.3;125.3;125.3;124.6;124.6;124.6;124.6;124.6;125;125;125.8;125.8;127.3;128;128;127.3;126.5;125.8;125;125;124.3;122.8;121.2;121.2;122;122;122;121.2;119;117.5;116.7;115.2;113;110;103.9;95.6;88.1;84.3;83.6;85.1;88.1;91.1;91.9;93.4;94.9;93.4;94.1;94.9;93.4;94.1;94.9;97.1;98.7;100.2;100.9;100.9;102.4;103.2;105.4;106.2;107.7;108.4;109.2;108.4;109.2;110;109.2;110.7;110;110;111.5;110.7;108.4;110;110.7;112.2;114.5;114.5;113;110.7;108.4;106.2;106.9;108.4;109.2;110.7;110.7;112.2;111.5;113;113.7;114.5;115.2;115.2;113.7;112.2;109.2;106.9;104.7;104.7;107.7;110;111.5;113;114.5;115.2;116.7;117.5;118.2;119;119.7;119.7;118.2;116.7;116;116;115.2;112.2;111.5;110.7;110.7;111.5;111.5;111.5;111.5;111.5;110.7;110.7;111.5;113;113;113;112.2;111.5;110;106.9;104.7;103.9;103.2;101.7;99.4;96.4;91.1;83.6;71.5;62.5;56.5;52.7;50.5;45.9;44.4;42.9;44.4;46.7;51.2;54.2;58;62.5;67;70;74.6;77.6;82.1;85.1;88.1;91.9;94.9;97.1;100.2;101.7;103.9;103.9;105.4;106.2;107.7;106.9;104.7;102.4;99.4;98.3;98.3;98.3;99.3;99.3;100.3;100.8;101.3;101.3;101.8;101.8;102.8;102.8;103.3;103.8;104.3;104.3;105.3;105.3;105.3;105.8;106.3;106.3;106.3;106.7;106.7;106.7;107.2;106.7;106.7;107.2;106.7;107.2;106.7;106.3;106.7;106.3;106.7;106.3;106.3;106.7;106.3;106.3;106.3;106.7;106.3;106.3;107.2;106.7;107.7;107.7;108.2;108.7;109.7;110.2;111.2;111.7;113.2;114.2;115.1;116.6;117.6;118.1;119.6;120.1;121.1;121.6;122.1;123.1;123.1;124;124;124.5;124.5;124.5;124.5;125;124.5;124.5;124.5;124.5;124;123.5;123.1;122.6;122.1;122.1;121.1;121.1;121.1;121.1;121.1;121.4;121.4;121.9;122.9;122.9;124.4;125.4;125.9;126.9;127.9;128.4;129.4;130.4;131.4;132.4;133.5;134.5;135.5;136.5;136.5;136.5;137.5;138;138;138.5;140;140.5;141.5;143;143.5;145;145.5;146.5;147.5;147;148;148;147.5;147.5;147;146;146;145;144.5;144.5;143.5;143.5;143;143;142.5;142;142;142;141.5;141;141;140.5;140.5;140.5;140.5;140;140;140.5;140;140;140;140.5;140.5;140.5;140.5;141;141;141;140.5;141.5;141;141;141;141.5;141;141.5;141.5;141;141.5;141;141.5;141;141;140.5;140.5;140.5;140.5;140.5;140.7;140.7;141.3;141.3;141.3;142;142.7;142;142.7;143.4;143.4;143.4;144.1;144.8;144.1;144.1;144.8;143.4;143.4;142.7;142.7;142.7;142.7;141.3;138.6;137.2;137.2;134.4;133.7;133;133;134.4;134.4;135.8;137.2;138.6;140.7;142.7;144.8;146.2;147.6;149;150.4;150.4;150.4;149.7;148.3;146.9;146.9;146.2;144.8;144.8;143.4;143.4;142.7;143.4;142.7;142.7;143.4;143.4;142.7;142.7;142.7;139.3;137.2;135.1;135.1;135.1;133.7;130.9;128.1;126.7;124.6;123.2;121.2;119.8;118.4;117;117;117.7;118.4;119.8;120.5;121.9;122.5;123.2;123.9;123.9;123.9;123.9;124.9;122.5;122;122;120.1;118.6;116.7;114.3;112.4;110;108.5;105.7;104.8;104.8;104.8;104.8;104.8;104.8;99.9;93.7;87.9;86;83.6;82.1;82.1;81.7;82.1;82.1;82.1;81.7;83.1;81.7;78.8;77.8;74.4;74;73.5;73;72.5;67.7;59.6;54.8;53.3;52.8;55.7;59.1;60.5;63.9;67.7;71.1;74.9;77.3;76.4;78.8;79.7;80.2;80.7;80.7;80.7;81.2;82.1;84.1;86;87.9;89.8;89.3;89.3;89.8;91.3;93.2;94.6;96.1;95.1;93.2;90.8;87.9;86;84.1;82.1;81.2;81.2;80.4;79.7;77.4;76.6;75.1;72.8;69.7;65.1;58.2;46.7;39.8;41.4;43.7;46.7;50.6;53.6;56.7;58.2;59;59;56.7;53.6;50.6;48.3;45.2;42.9;38.3;31.4;23.7;21.4;21.4;20.7;16.9;10;10;16.9;21.4;23.7;29.1;33.7;38.3;40.6;39.8;41.4;42.9;42.9;43.7;43.7;43.7;42.1;39.8;38.3;36;34.5;34.5;36;39.1;40.6;43.7;45.2;46;47.5;48.3;46.7;45.2;43.7;42.9;39.8;30.6;23;21.4;20.7;19.9;25.3;32.2;35.2;34.5;33.7;32.2;28.3;23.7;16.9;13;12.3;10;6.9;0.8;0;0;0;0;0];
% convert from km/h to m/s
    data = [data(:,1).*0+1 data(:,1)./3.6 data(:,1).*0-1];
end