function [data]=elvio_cycle_us_us06()
% This function returns the speed data for the artemis (CADC) urban cycle.
    data = [1 0;1 0;1 0;1 0;1 0;1 0.2;1 0.7;1 1.1;1 1.7;1 6;1 13.9;1 20.5;1 25.7;1 25;1 28.4;1 32.3;1 34.6;1 36.5;1 38.4;1 39.9;1 42.2;1 43.8;1 44.2;1 43.4;1 42.6;1 40.3;1 39.2;1 38.4;1 38.4;1 39.2;1 38.8;1 38.8;1 36.5;1 32.3;1 27.6;1 22.3;1 17.3;1 11.5;1 5.8;1 1.2;1 0;1 0;1 0;1 0;1 0;1 0;1 0;1 0;1 0.8;1 9.2;1 14.9;1 18.2;1 22.2;1 27.2;1 31.4;1 33.8;1 37.2;1 40.8;1 44;1 46.3;1 47.6;1 49.5;1 51.2;1 53;1 54.4;1 55.6;1 56.4;1 56.1;1 56.2;1 55.8;1 55.1;1 54.4;1 54.2;1 54.4;1 54.2;1 53.5;1 52.3;1 52;1 51.9;1 51.8;1 51.9;1 52;1 52.5;1 53.4;1 54.9;1 56.8;1 58.8;1 60.6;1 62.3;1 64.2;1 66.2;1 67.8;1 69.4;1 70.4;1 70.6;1 70.7;1 70.3;1 68.2;1 66.5;1 64.9;1 63.7;1 62.5;1 61;1 59.3;1 57.7;1 56;1 54.5;1 52.8;1 51.2;1 49.5;1 48;1 46.3;1 44;1 41.1;1 38.8;1 37.7;1 36.6;1 35.3;1 30;1 24.4;1 19.8;1 15.5;1 10.8;1 6.3;1 3.2;1 2.1;1 1.2;1 0;1 0;1 0;1 0;1 0;1 0;1 0;1 0;1 2.7;1 9.2;1 16.1;1 22.7;1 29.2;1 34.2;1 38.8;1 43;1 45.3;1 46.8;1 48;1 49.5;1 50.3;1 51.5;1 52.2;1 52.6;1 53;1 53.8;1 53.8;1 53.8;1 54.6;1 56.3;1 56.9;1 58.1;1 58.4;1 59.6;1 59.9;1 60.2;1 60.5;1 59.7;1 58.3;1 58.1;1 57.8;1 57.3;1 57.5;1 56.6;1 57;1 56.6;1 56.5;1 56.2;1 56.4;1 56.6;1 56.4;1 56.1;1 56;1 55.9;1 54.8;1 54.2;1 54.6;1 52.2;1 54.7;1 55.7;1 57;1 58;1 58.1;1 59.4;1 59.9;1 61;1 61.4;1 61.9;1 62.5;1 62.5;1 62.7;1 62.2;1 62.5;1 63.1;1 62.7;1 62.8;1 63;1 64.1;1 63.9;1 64.1;1 64.3;1 64.5;1 64.9;1 65.3;1 66;1 66;1 66.4;1 64.1;1 63.6;1 63.9;1 64.1;1 63.7;1 64.3;1 64.2;1 63.9;1 64.2;1 63.4;1 64;1 63.9;1 64;1 63.8;1 64;1 63.3;1 63.4;1 63.9;1 64;1 64.3;1 64.8;1 65.1;1 64;1 64.2;1 63.1;1 63.7;1 63.1;1 63.7;1 63.5;1 63;1 63.1;1 63;1 63.3;1 63.4;1 63.3;1 62.5;1 62.5;1 62.9;1 62.8;1 62.2;1 62.4;1 62.3;1 62.3;1 62.4;1 62.1;1 62.5;1 62.8;1 62.3;1 62.3;1 62.4;1 61.9;1 62.8;1 62.8;1 62.3;1 62.8;1 62.4;1 62.1;1 61.9;1 61.8;1 62.1;1 62.1;1 62.1;1 62;1 62.4;1 62.2;1 62.2;1 62.4;1 62.7;1 62.6;1 63.7;1 64.3;1 64.8;1 65.1;1 65.9;1 66.1;1 67;1 67.2;1 67.5;1 68.3;1 68.3;1 68.8;1 69.1;1 69.4;1 71.7;1 72.1;1 74.9;1 72.6;1 72.2;1 72.2;1 72;1 72.5;1 72.8;1 72.7;1 71.8;1 71.4;1 71.1;1 71.1;1 70.9;1 71;1 71;1 71.2;1 72.1;1 72.6;1 73.6;1 74.8;1 75.7;1 77.3;1 78.4;1 79.3;1 78.2;1 76;1 75.6;1 76.4;1 77.6;1 78;1 79.1;1 79.5;1 79.9;1 79.9;1 80.3;1 80.3;1 79.5;1 79.5;1 79.1;1 78.7;1 77.6;1 76.5;1 74.3;1 72.6;1 70.8;1 67.6;1 66.4;1 66.7;1 66.1;1 65.9;1 66.2;1 66.1;1 67.1;1 67.4;1 68.3;1 68.3;1 68.7;1 68.2;1 68.1;1 68;1 67.1;1 66.4;1 66.1;1 65.7;1 66;1 66.4;1 66;1 66.3;1 67;1 67.5;1 67.9;1 68.1;1 68.5;1 68.9;1 68.6;1 69.4;1 69.4;1 69.4;1 70;1 70.4;1 70.6;1 70.9;1 70.3;1 70.6;1 70.3;1 69.7;1 69.9;1 70.1;1 69.6;1 69.3;1 69.9;1 69.7;1 69.5;1 69.9;1 70.2;1 70.2;1 70.2;1 71;1 70.8;1 70.9;1 70.7;1 70.9;1 71.2;1 71.3;1 70.8;1 71.2;1 71.7;1 71.9;1 72.6;1 72.3;1 72.3;1 72.1;1 72;1 71.9;1 72.6;1 72.8;1 73.2;1 72.1;1 71.5;1 70.9;1 70.4;1 70.5;1 70.9;1 70.2;1 71;1 70.2;1 70.3;1 69.1;1 68.8;1 68.2;1 68.3;1 68.2;1 67.7;1 67.3;1 67.5;1 67.6;1 67.6;1 67.2;1 67;1 66.3;1 66.6;1 66.2;1 66.4;1 65.9;1 66.1;1 65.5;1 62.2;1 62.2;1 61.4;1 61.1;1 61.4;1 61.1;1 61.4;1 61.4;1 61.8;1 61.8;1 61.8;1 61.8;1 62.2;1 61.8;1 62.2;1 62.6;1 62.2;1 62.6;1 62.2;1 62.6;1 62.6;1 63;1 62.6;1 62.2;1 61.1;1 59.5;1 58.8;1 56.8;1 55.7;1 54.1;1 51.5;1 49.2;1 48.8;1 47.6;1 44.9;1 41.5;1 37.2;1 34.6;1 33;1 29.2;1 22.3;1 17.7;1 17.3;1 14;1 10;1 6;1 2;1 0;1 0;1 0;1 0;1 0;1 0;1 0;1 0;1 0.2;1 4.4;1 10.1;1 15.6;1 20.8;1 25.1;1 27.7;1 28.2;1 26.8;1 24.8;1 22.4;1 17.1;1 11.3;1 6.9;1 7.5;1 11.1;1 15.4;1 19.9;1 24.2;1 27.1;1 28.5;1 28.2;1 25.6;1 21.7;1 17.3;1 12.1;1 7.5;1 5.8;1 2.4;1 1.2;1 1.9;1 6.7;1 11.8;1 16.8;1 21.7;1 25.9;1 27.7;1 28;1 27.1;1 24.4;1 20.2;1 15.2;1 9.3;1 5;1 2.9;1 2.4;1 8.4;1 13.5;1 17.8;1 22.2;1 26.2;1 30;1 29.8;1 26;1 21.3;1 16.2;1 11.4;1 6.6;1 2.6;1 0;1 0;1 0;1 0;1 0;1 0;1 0;1 0;1 0.3;1 6.4;1 12.7;1 19.2;1 23.8;1 28.2;1 34.9;1 37.5;1 40.3;1 45;1 49.9;1 51.6;1 51.2;1 50.6;1 49.9;1 47.8;1 44.6;1 41.2;1 37.8;1 33.4;1 28;1 23.7;1 18.8;1 12.9;1 6.2;1 2.2;1 0;1 0;1 0;1 0;1 0;1 0;1 0];
% convert from mph to m/s
    data = [data(:,1) data(:,2).*1609.344./3600 data(:,1).*0-1];
end