function [data]=elvio_cycle_cadc_urban()
% This function returns the speed data for the artemis (CADC) urban cycle.
    data = [0;0;0;0;0;0;0;0;0;0;0;0;0;0;0;0;0;0;0;0;0.194;0.583;2.56;4.33;5.5;5.5;6.31;7.08;8.28;9.44;10.3;10.6;11.2;12;12.8;12.8;12.8;12.4;12.8;13.4;13.6;13.4;13;12.4;11.8;11.6;11.4;11;10;9.64;9.64;10.3;10;10;9.64;9.06;8.08;6.69;5.72;4.33;3.14;2.56;2.56;2.56;2.75;2.94;3.33;3.14;2.17;0.389;0;0;0;0;0;0;0;0;0;0;0;0;0;0;0;0;0;0;0;0;0;0;0.194;0.583;2.56;4.33;5.5;5.5;6.31;7.08;8.28;9.44;10.3;10.6;11.2;12;12.8;12.8;12.8;12.4;12.8;13.4;13.6;13.4;13;12.4;11.8;11.6;11.4;11;10;9.64;9.64;10.3;10;10;9.64;9.06;8.08;6.69;5.72;4.33;3.14;2.56;2.56;2.56;2.75;2.94;3.33;3.14;2.17;0.389;0;0;0;0;0;0;0;0;0;0;0.194;0.417;1.22;1.64;2.03;2.64;2.25;1.03;0.806;1.22;0.194;0;0;0.611;0.611;0.806;2.03;1.64;2.03;2.44;3.06;4.28;3.86;3.25;3.06;1.42;0;0;0;0;0;0;0;0;0;0;0;0;0;0;0;0;0;0;0;0;0;0;0;0;0;0;0;0;0;0.194;3.06;3.67;3.86;4.08;4.28;4.69;4.47;4.28;3.86;3.67;3.67;4.28;4.69;4.47;4.08;3.67;3.86;4.08;5.08;6.11;8.36;8.97;8.97;10.6;10.6;10.6;10.6;10.8;11;11.2;11.2;11.4;12;12.4;12.6;12.2;12.2;12;11.6;10.8;9.58;9.17;9.36;10.2;10.4;11.2;11.4;11.4;10.8;10.4;9.97;9.58;8.97;8.56;7.75;7.33;6.72;6.53;6.31;5.92;5.31;4.69;3.06;1.83;1.42;1.22;0.611;0;0;0;0.611;1.42;3.86;6.31;7.53;7.53;6.31;5.08;3.25;2.44;1.83;1.03;0.806;1.22;3.06;3.25;3.25;3.06;2.44;1.83;2.03;1.64;1.22;0.611;0.194;0;0;0;0;0;0;0;0.556;1.92;3;3.42;3.97;5.47;5.89;6.58;7.81;8.61;8.75;9.17;9.44;8.61;6.69;4.39;3;1.78;0.694;0.417;0;0;0.139;1.78;3.83;5.33;5.33;5.89;6.31;6.97;7.94;9.31;10.3;10.5;11.4;12.3;13.1;14.1;14.5;14.2;13.6;13.6;14.1;14.1;13.1;11.2;8.08;6.58;6.97;7.53;8.08;9.31;10.1;10.8;11.6;12.4;13.3;14.1;14.8;15.2;15.1;15.2;15.3;15.8;15.9;15.9;16;15.9;15.9;15.8;15.8;15.6;15.2;15.2;14.5;13.6;12.2;12.1;12.3;12.1;10.7;9.58;9.31;9.44;10.4;11.6;12.7;13.7;13.4;12.9;12.1;10.8;9.31;8.89;9.17;9.44;9.44;9.31;9.17;9.17;9.17;9.31;9.72;9.86;10;10.3;10.3;10.4;10.4;10.7;10.8;10.7;10.7;11.2;11.8;11.9;11.8;11.5;10.8;8.5;5.47;3.83;3.42;3;1.22;0.139;0;0;0;0;0;0;0;0.194;1;1.61;2.42;4.42;5.83;7.42;9.03;9.64;10.3;10.8;11.4;12.1;12.6;13.1;13.4;13.4;13.4;13.3;13.3;13.1;13.3;13.4;13.7;13.7;13.7;13.7;12.3;10;9.44;8.64;8.44;8.83;9.03;9.25;8.83;8.64;8.03;5.03;4.42;5.03;6.42;7.64;9.25;10.3;11.4;12.3;12.9;12.9;12.9;12.3;11.4;9.83;7.42;4.42;1.81;1;0.194;0;0;0;0;0;0;0;0;0;0;0;0;0;0;0;0;0;0;0;0;0;0;0;0;0;0;0;0;0;0.556;2.36;3.72;4.14;5.67;7.58;9.39;11.1;12.4;12.6;12.8;11.7;10.8;10.9;12;12.8;12.8;12;10.6;8.14;7.19;7.33;8.69;10.2;11.5;11.9;11.6;10.8;9.25;7.06;5.11;4;1.81;0.139;0;0;0;0;0;0;0;0;0;0;0;0;0;1.47;2.56;3.06;3.53;3.28;2.44;2.08;2.19;2.31;2.56;2.92;2.67;2.44;2.44;1.83;0.722;0.111;0;0;0;0;0;0;0;0;0;0;0;0;0;0;0;0;0;0;0;0;0;0;0;0;0;0;0.861;2.19;3.67;3.67;2.08;0.972;0.361;0;0;0;0;0.5;2.67;4.75;5.97;6.69;7.06;6.33;5.11;3.42;1.83;0.361;0;0;0;0;0;0;0;0;0;0;0;0;0;0;0;0;0;0;0;0;0;0;0;0;0;0;0;0;0;0;0;0;0;0;0;0;0;0;0;0;0;0;0;0;0;0;0;0;0;0;0;0;0;0;0;0;0;0;0;0;0;0;0.111;1.22;2.67;4.64;5.11;5.61;6.44;7.42;8.53;8.78;8.89;9.5;10;10.6;11.1;11.6;11.7;11.3;10.8;9.5;7.67;5.72;4.64;4.03;3.89;3.89;4.03;3.67;3.06;2.56;2.08;0.972;0.361;0;0;0;0;0;0;0;0;0;0;0;0;0;0;0;0;0;0;1.06;0.861;0.861;1.28;1.69;1.28;0.222;1.06;3.19;4.25;2.97;1.92;1.69;2.33;3.61;4.89;6.17;7.03;7.86;8.72;8.94;8.94;8.31;6.81;5.31;4.06;2.14;0.417;0.639;1.69;2.78;2.78;3.19;3.83;5.53;6.39;7.44;9.14;10.2;10.6;10.6;11.1;10.6;9.58;8.5;6.81;5.53;5.53;6.17;7.03;8.31;9.14;9.36;9.14;8.31;8.08;7.67;7.22;6.81;6.81;6.17;5.11;4.69;4.25;4.06;3.19;1.92;0.222;0;0;0;0;0;0;0;1.28;2.97;3.61;4.06;4.47;4.47;4.06;3.42;2.14;1.5;1.69;1.92;1.06;1.06;1.28;1.28;0.417;0;0.417;0.639;0.861;0.639;0.417;0;0;0.222;0.639;0.861;1.06;1.28;0.861;0;0.222;0.861;1.28;1.28;1.06;0.861;0.222;0;0.861;0.639;0;0;0;0;0;0;0;0;0.194;1.78;3.36;4.53;5.14;5.72;6.11;6.31;6.92;7.31;7.69;7.89;8.67;9.08;9.67;9.86;9.86;9.67;9.28;8.89;8.47;7.89;7.69;7.5;7.11;6.69;5.53;3.56;1.58;2.17;3.56;4.94;5.53;5.14;4.72;4.53;4.94;5.33;5.53;5.92;5.14;4.94;4.53;5.14;5.33;4.94;3.56;1.58;0;0;1;2.97;5.33;7.31;8.67;9.86;10.9;11.6;11.8;12.2;11.8;11.4;10.9;10.3;8.67;7.5;5.14;3.17;3.17;4.33;6.11;6.92;7.5;8.08;8.47;8.89;8.89;8.67;9.08;8.89;8.89;8.67;8.28;7.89;6.5;5.92;5.72;6.31;6.11;6.11;6.5;7.31;7.89;8.28;8.28;8.47;8.08;8.08;7.69;7.31;6.92;6.31;5.92;4.72;3.17;1.58;0.194;0;0;0;0;0;0];
% convert from km/h to m/s
    data = [data(:,1).*0+1 data(:,1)./3.6 data(:,1).*0-1];
end