function [data]=elvio_cycle_wltp_3b()
% This function returns the speed data for the artemis (CADC) urban cycle.
    data = [1 0;1 0;1 0;1 0;1 0;1 0;1 0;1 0;1 0;1 0;1 0;1 0.2;1 1.7;1 5.4;1 9.9;1 13.1;1 16.9;1 21.7;1 26;1 27.5;1 28.1;1 28.3;1 28.8;1 29.1;1 30.8;1 31.9;1 34.1;1 36.6;1 39.1;1 41.3;1 42.5;1 43.3;1 43.9;1 44.4;1 44.5;1 44.2;1 42.7;1 39.9;1 37;1 34.6;1 32.3;1 29;1 25.1;1 22.2;1 20.9;1 20.4;1 19.5;1 18.4;1 17.8;1 17.8;1 17.4;1 15.7;1 13.1;1 12.1;1 12;1 12;1 12;1 12.3;1 12.6;1 14.7;1 15.3;1 15.9;1 16.2;1 17.1;1 17.8;1 18.1;1 18.4;1 20.3;1 23.2;1 26.5;1 29.8;1 32.6;1 34.4;1 35.5;1 36.4;1 37.4;1 38.5;1 39.3;1 39.5;1 39;1 38.5;1 37.3;1 37;1 36.7;1 35.9;1 35.3;1 34.6;1 34.2;1 31.9;1 27.3;1 22;1 17;1 14.2;1 12;1 9.1;1 5.8;1 3.6;1 2.2;1 0;1 0;1 0;1 0;1 0;1 0;1 0;1 0;1 0;1 0;1 0;1 0;1 0;1 0;1 0;1 0;1 0;1 0;1 0;1 0;1 0;1 0;1 0;1 0;1 0;1 0;1 0;1 0;1 0;1 0;1 0;1 0;1 0;1 0;1 0;1 0;1 0;1 0;1 0;1 0.2;1 1.9;1 6.1;1 11.7;1 16.4;1 18.9;1 19.9;1 20.8;1 22.8;1 25.4;1 27.7;1 29.2;1 29.8;1 29.4;1 27.2;1 22.6;1 17.3;1 13.3;1 12;1 12.6;1 14.1;1 17.2;1 20.1;1 23.4;1 25.5;1 27.6;1 29.5;1 31.1;1 32.1;1 33.2;1 35.2;1 37.2;1 38;1 37.4;1 35.1;1 31;1 27.1;1 25.3;1 25.1;1 25.9;1 27.8;1 29.2;1 29.6;1 29.5;1 29.2;1 28.3;1 26.1;1 23.6;1 21;1 18.9;1 17.1;1 15.7;1 14.5;1 13.7;1 12.9;1 12.5;1 12.2;1 12;1 12;1 12;1 12;1 12.5;1 13;1 14;1 15;1 16.5;1 19;1 21.2;1 23.8;1 26.9;1 29.6;1 32;1 35.2;1 37.5;1 39.2;1 40.5;1 41.6;1 43.1;1 45;1 47.1;1 49;1 50.6;1 51.8;1 52.7;1 53.1;1 53.5;1 53.8;1 54.2;1 54.8;1 55.3;1 55.8;1 56.2;1 56.5;1 56.5;1 56.2;1 54.9;1 52.9;1 51;1 49.8;1 49.2;1 48.4;1 46.9;1 44.3;1 41.5;1 39.5;1 37;1 34.6;1 32.3;1 29;1 25.1;1 22.2;1 20.9;1 20.4;1 19.5;1 18.4;1 17.8;1 17.8;1 17.4;1 15.7;1 14.5;1 15.4;1 17.9;1 20.6;1 23.2;1 25.7;1 28.7;1 32.5;1 36.1;1 39;1 40.8;1 42.9;1 44.4;1 45.9;1 46;1 45.6;1 45.3;1 43.7;1 40.8;1 38;1 34.4;1 30.9;1 25.5;1 21.4;1 20.2;1 22.9;1 26.6;1 30.2;1 34.1;1 37.4;1 40.7;1 44;1 47.3;1 49.2;1 49.8;1 49.2;1 48.1;1 47.3;1 46.8;1 46.7;1 46.8;1 47.1;1 47.3;1 47.3;1 47.1;1 46.6;1 45.8;1 44.8;1 43.3;1 41.8;1 40.8;1 40.3;1 40.1;1 39.7;1 39.2;1 38.5;1 37.4;1 36;1 34.4;1 33;1 31.7;1 30;1 28;1 26.1;1 25.6;1 24.9;1 24.9;1 24.3;1 23.9;1 23.9;1 23.6;1 23.3;1 20.5;1 17.5;1 16.9;1 16.7;1 15.9;1 15.6;1 15;1 14.5;1 14.3;1 14.5;1 15.4;1 17.8;1 21.1;1 24.1;1 25;1 25.3;1 25.5;1 26.4;1 26.6;1 27.1;1 27.7;1 28.1;1 28.2;1 28.1;1 28;1 27.9;1 27.9;1 28.1;1 28.2;1 28;1 26.9;1 25;1 23.2;1 21.9;1 21.1;1 20.7;1 20.7;1 20.8;1 21.2;1 22.1;1 23.5;1 24.3;1 24.5;1 23.8;1 21.3;1 17.7;1 14.4;1 11.9;1 10.2;1 8.9;1 8;1 7.2;1 6.1;1 4.9;1 3.7;1 2.3;1 0.9;1 0;1 0;1 0;1 0;1 0;1 0;1 0.5;1 2.1;1 4.8;1 8.3;1 12.3;1 16.6;1 20.9;1 24.2;1 25.6;1 25.6;1 24.9;1 23.3;1 21.6;1 20.2;1 18.7;1 17;1 15.3;1 14.2;1 13.9;1 14;1 14.2;1 14.5;1 14.9;1 15.9;1 17.4;1 18.7;1 19.1;1 18.8;1 17.6;1 16.6;1 16.2;1 16.4;1 17.2;1 19.1;1 22.6;1 27.4;1 31.6;1 33.4;1 33.5;1 32.8;1 31.9;1 31.3;1 31.1;1 30.6;1 29.2;1 26.7;1 23;1 18.2;1 12.9;1 7.7;1 3.8;1 1.3;1 0.2;1 0;1 0;1 0;1 0;1 0;1 0;1 0;1 0;1 0;1 0;1 0;1 0;1 0;1 0;1 0;1 0;1 0;1 0;1 0;1 0;1 0;1 0;1 0;1 0;1 0;1 0;1 0;1 0;1 0;1 0;1 0;1 0;1 0;1 0;1 0;1 0;1 0;1 0;1 0;1 0;1 0;1 0;1 0;1 0;1 0;1 0;1 0;1 0;1 0;1 0;1 0;1 0;1 0;1 0;1 0;1 0;1 0;1 0;1 0;1 0;1 0;1 0;1 0;1 0;1 0;1 0;1 0;1 0.5;1 2.5;1 6.6;1 11.8;1 16.8;1 20.5;1 21.9;1 21.9;1 21.3;1 20.3;1 19.2;1 17.8;1 15.5;1 11.9;1 7.6;1 4;1 2;1 1;1 0;1 0;1 0;1 0.2;1 1.2;1 3.2;1 5.2;1 8.2;1 13;1 18.8;1 23.1;1 24.5;1 24.5;1 24.3;1 23.6;1 22.3;1 20.1;1 18.5;1 17.2;1 16.3;1 15.4;1 14.7;1 14.3;1 13.7;1 13.3;1 13.1;1 13.1;1 13.3;1 13.8;1 14.5;1 16.5;1 17;1 17;1 17;1 15.4;1 10.1;1 4.8;1 0;1 0;1 0;1 0;1 0;1 0;1 0;1 0;1 0;1 0;1 0;1 0;1 0;1 0;1 0;1 0;1 0;1 0;1 0;1 0;1 0;1 0;1 0;1 0;1 0;1 0;1 0;1 0;1 0;1 0;1 0;1 0;1 0;1 0;1 1;1 2.1;1 4.8;1 9.1;1 14.2;1 19.8;1 25.5;1 30.5;1 34.8;1 38.8;1 42.9;1 46.4;1 48.3;1 48.7;1 48.5;1 48.4;1 48.2;1 47.8;1 47;1 45.9;1 44.9;1 44.4;1 44.3;1 44.5;1 45.1;1 45.7;1 46;1 46;1 46;1 46.1;1 46.7;1 47.7;1 48.9;1 50.3;1 51.6;1 52.6;1 53;1 53;1 52.9;1 52.7;1 52.6;1 53.1;1 54.3;1 55.2;1 55.5;1 55.9;1 56.3;1 56.7;1 56.9;1 56.8;1 56;1 54.2;1 52.1;1 50.1;1 47.2;1 43.2;1 39.2;1 36.5;1 34.3;1 31;1 26;1 20.7;1 15.4;1 13.1;1 12;1 12.5;1 14;1 19;1 23.2;1 28;1 32;1 34;1 36;1 38;1 40;1 40.3;1 40.5;1 39;1 35.7;1 31.8;1 27.1;1 22.8;1 21.1;1 18.9;1 18.9;1 21.3;1 23.9;1 25.9;1 28.4;1 30.3;1 30.9;1 31.1;1 31.8;1 32.7;1 33.2;1 32.4;1 28.3;1 25.8;1 23.1;1 21.8;1 21.2;1 21;1 21;1 20.9;1 19.9;1 17.9;1 15.1;1 12.8;1 12;1 13.2;1 17.1;1 21.1;1 21.8;1 21.2;1 18.5;1 13.9;1 12;1 12;1 13;1 16;1 18.5;1 20.6;1 22.5;1 24;1 26.6;1 29.9;1 34.8;1 37.8;1 40.2;1 41.6;1 41.9;1 42;1 42.2;1 42.4;1 42.7;1 43.1;1 43.7;1 44;1 44.1;1 45.3;1 46.4;1 47.2;1 47.3;1 47.4;1 47.4;1 47.5;1 47.9;1 48.6;1 49.4;1 49.8;1 49.8;1 49.7;1 49.3;1 48.5;1 47.6;1 46.3;1 43.7;1 39.3;1 34.1;1 29;1 23.7;1 18.4;1 14.3;1 12;1 12.8;1 16;1 19.1;1 22.4;1 25.6;1 30.1;1 35.3;1 39.9;1 44.5;1 47.5;1 50.9;1 54.1;1 56.3;1 58.1;1 59.8;1 61.1;1 62.1;1 62.8;1 63.3;1 63.6;1 64;1 64.7;1 65.2;1 65.3;1 65.3;1 65.4;1 65.7;1 66;1 65.6;1 63.5;1 59.7;1 54.6;1 49.3;1 44.9;1 42.3;1 41.4;1 41.3;1 42.1;1 44.7;1 48.4;1 51.4;1 52.7;1 53;1 52.5;1 51.3;1 49.7;1 47.4;1 43.7;1 39.7;1 35.5;1 31.1;1 26.3;1 21.9;1 18;1 17;1 18;1 21.4;1 24.8;1 27.9;1 30.8;1 33;1 35.1;1 37.1;1 38.9;1 41.4;1 44;1 46.3;1 47.7;1 48.2;1 48.7;1 49.3;1 49.8;1 50.2;1 50.9;1 51.8;1 52.5;1 53.3;1 54.5;1 55.7;1 56.5;1 56.8;1 57;1 57.2;1 57.7;1 58.7;1 60.1;1 61.1;1 61.7;1 62.3;1 62.9;1 63.3;1 63.4;1 63.5;1 64.5;1 65.8;1 66.8;1 67.4;1 68.8;1 71.1;1 72.3;1 72.8;1 73.4;1 74.6;1 76;1 76.6;1 76.5;1 76.2;1 75.8;1 75.4;1 74.8;1 73.9;1 72.7;1 71.3;1 70.4;1 70;1 70;1 69;1 68;1 68;1 68;1 68.1;1 68.4;1 68.6;1 68.7;1 68.5;1 68.1;1 67.3;1 66.2;1 64.8;1 63.6;1 62.6;1 62.1;1 61.9;1 61.9;1 61.8;1 61.5;1 60.9;1 59.7;1 54.6;1 49.3;1 44.9;1 42.3;1 41.4;1 41.3;1 42.1;1 44.7;1 48.4;1 51.4;1 52.7;1 54;1 57;1 58.1;1 59.2;1 59;1 59.1;1 59.5;1 60.5;1 62.3;1 63.9;1 65.1;1 64.1;1 62.7;1 62;1 61.3;1 60.9;1 60.5;1 60.2;1 59.8;1 59.4;1 58.6;1 57.5;1 56.6;1 56;1 55.5;1 55;1 54.4;1 54.1;1 54;1 53.9;1 53.9;1 54;1 54.2;1 55;1 55.8;1 56.2;1 56.1;1 55.1;1 52.7;1 48.4;1 43.1;1 37.8;1 32.5;1 27.2;1 25.1;1 26;1 29.3;1 34.6;1 40.4;1 45.3;1 49;1 51.1;1 52.1;1 52.2;1 52.1;1 51.7;1 50.9;1 49.2;1 45.9;1 40.6;1 35.3;1 30;1 24.7;1 19.3;1 16;1 13.2;1 10.7;1 8.8;1 7.2;1 5.5;1 3.2;1 1.1;1 0;1 0;1 0;1 0;1 0;1 0;1 0;1 0;1 0;1 0;1 0;1 0;1 0;1 0;1 0;1 0;1 0;1 0;1 0;1 0;1 0;1 0;1 0;1 0;1 0;1 0;1 0;1 0;1 0;1 0;1 0;1 0;1 0;1 0;1 0;1 0;1 0;1 0;1 0;1 0;1 0;1 0.8;1 3.6;1 8.6;1 14.6;1 20;1 24.4;1 28.2;1 31.7;1 35;1 37.6;1 39.7;1 41.5;1 43.6;1 46;1 48.4;1 50.5;1 51.9;1 52.6;1 52.8;1 52.9;1 53.1;1 53.3;1 53.1;1 52.3;1 50.7;1 48.8;1 46.5;1 43.8;1 40.3;1 36;1 30.7;1 25.4;1 21;1 16.7;1 13.4;1 12;1 12.1;1 12.8;1 15.6;1 19.9;1 23.4;1 24.6;1 25.2;1 26.4;1 28.8;1 31.8;1 35.3;1 39.5;1 44.5;1 49.3;1 53.3;1 56.4;1 58.9;1 61.2;1 62.6;1 63;1 62.5;1 60.9;1 59.3;1 58.6;1 58.6;1 58.7;1 58.8;1 58.8;1 58.8;1 59.1;1 60.1;1 61.7;1 63;1 63.7;1 63.9;1 63.5;1 62.3;1 60.3;1 58.9;1 58.4;1 58.8;1 60.2;1 62.3;1 63.9;1 64.5;1 64.4;1 63.5;1 62;1 61.2;1 61.3;1 62.6;1 65.3;1 68;1 69.4;1 69.7;1 69.3;1 68.1;1 66.9;1 66.2;1 65.7;1 64.9;1 63.2;1 60.3;1 55.8;1 50.5;1 45.2;1 40.1;1 36.2;1 32.9;1 29.8;1 26.6;1 23;1 19.4;1 16.3;1 14.6;1 14.2;1 14.3;1 14.6;1 15.1;1 16.4;1 19.1;1 22.5;1 24.4;1 24.8;1 22.7;1 17.4;1 13.8;1 12;1 12;1 12;1 13.9;1 17.7;1 22.8;1 27.3;1 31.2;1 35.2;1 39.4;1 42.5;1 45.4;1 48.2;1 50.3;1 52.6;1 54.5;1 56.6;1 58.3;1 60;1 61.5;1 63.1;1 64.3;1 65.7;1 67.1;1 68.3;1 69.7;1 70.6;1 71.6;1 72.6;1 73.5;1 74.2;1 74.9;1 75.6;1 76.3;1 77.1;1 77.9;1 78.5;1 79;1 79.7;1 80.3;1 81;1 81.6;1 82.4;1 82.9;1 83.4;1 83.8;1 84.2;1 84.7;1 85.2;1 85.6;1 86.3;1 86.8;1 87.4;1 88;1 88.3;1 88.7;1 89;1 89.3;1 89.8;1 90.2;1 90.6;1 91;1 91.3;1 91.6;1 91.9;1 92.2;1 92.8;1 93.1;1 93.3;1 93.5;1 93.7;1 93.9;1 94;1 94.1;1 94.3;1 94.4;1 94.6;1 94.7;1 94.8;1 95;1 95.1;1 95.3;1 95.4;1 95.6;1 95.7;1 95.8;1 96;1 96.1;1 96.3;1 96.4;1 96.6;1 96.8;1 97;1 97.2;1 97.3;1 97.4;1 97.4;1 97.4;1 97.4;1 97.3;1 97.3;1 97.3;1 97.3;1 97.2;1 97.1;1 97;1 96.9;1 96.7;1 96.4;1 