function [data] = elvio_cycle_eu_ece15()
% Drive cycle data for the ECE15 city cycle. 
% The result has three rows:
% speed    - vehicle speed in m/s.
% duration - duration of a step in seconds.
% gear     - specified gear.
    data = [9 0 0;2 0 1;...
        4 15 1;8 15 1;2 10 1;2 0 0;1 0 0;...
        9 0 0;2 0 1;...
        5 15 1;2 15 2;5 32 2;24 32 2;8 10 2;2 0 0;1 0 0;...
        9 0 0;2 0 1;...
        5 15 1;2 15 2;9 35 2;2 35 3;8 50 3;12 50 3;...
        8 35 3;13 35 3;2 35 2;7 10 2;2 0 0;1 0 0;...
        7 0 0];
    % convert from km/h into m/s
    data(:,2) = data(:,2)./3.6;
end